[gd_scene load_steps=5 format=3 uid="uid://dygjde5g4ysfd"]

[sub_resource type="StandardMaterial3D" id="StandardMaterial3D_gmhf7"]
albedo_color = Color(0.596078, 0.419608, 0.313726, 1)

[sub_resource type="ProceduralSkyMaterial" id="ProceduralSkyMaterial_41ndc"]
sky_horizon_color = Color(0.64625, 0.65575, 0.67075, 1)
ground_horizon_color = Color(0.64625, 0.65575, 0.67075, 1)

[sub_resource type="Sky" id="Sky_us715"]
sky_material = SubResource("ProceduralSkyMaterial_41ndc")

[sub_resource type="Environment" id="Environment_oyelj"]
background_mode = 1
background_color = Color(0.1, 0.0666667, 0.05, 1)
sky = SubResource("Sky_us715")
ambient_light_source = 3
tonemap_mode = 2

[node name="Floor" type="CSGBox3D" groups=["Hazard"]]
transform = Transform3D(1, 0, 0, 0, 1, 0, 0, 0, 1, 0, -4, 0)
use_collision = true
size = Vector3(30, 8, 5)
material = SubResource("StandardMaterial3D_gmhf7")

[node name="Wall" type="CSGBox3D" parent="."]
transform = Transform3D(0.965926, -0.258819, 0, 0.258819, 0.965926, 0, 0, 0, 1, -16.8, 5.94099, 0)
size = Vector3(4, 10, 4)
material = SubResource("StandardMaterial3D_gmhf7")

[node name="Wall2" type="CSGBox3D" parent="."]
transform = Transform3D(0.866025, 0.5, 0, -0.5, 0.866025, 0, 0, 0, 1, -15.0449, 11.941, 0)
size = Vector3(4, 10, 4)
material = SubResource("StandardMaterial3D_gmhf7")

[node name="Wall3" type="CSGBox3D" parent="."]
transform = Transform3D(0.965926, 0.258819, 0, -0.258819, 0.965926, 0, 0, 0, 1, 17.6, 7.94099, 0)
size = Vector3(4, 10, 4)
material = SubResource("StandardMaterial3D_gmhf7")

[node name="Ceiling" type="CSGBox3D" parent="."]
transform = Transform3D(-0.278522, 0.96043, 0, -0.96043, -0.278522, 0, 0, 0, 1, -9.59051, 15.4607, 0)
size = Vector3(4, 10, 4)
material = SubResource("StandardMaterial3D_gmhf7")

[node name="Ceiling2" type="CSGBox3D" parent="."]
transform = Transform3D(-0.437759, 0.899093, 0, -0.899093, -0.437759, 0, 0, 0, 1, -2.60993, 14.9242, 0)
size = Vector3(4, 10, 4)
material = SubResource("StandardMaterial3D_gmhf7")

[node name="Ceiling6" type="CSGBox3D" parent="."]
transform = Transform3D(0.10621, 0.994343, 0.00146034, -0.99434, 0.106214, -0.00242111, -0.00256252, -0.00119492, 0.999996, 4.80022, 15.7931, 0)
size = Vector3(4, 10, 4)
material = SubResource("StandardMaterial3D_gmhf7")

[node name="Ceiling7" type="CSGBox3D" parent="."]
transform = Transform3D(-0.191803, 0.981434, 0, -0.981434, -0.191803, 0, 0, 0, 1, 13.7, 14.541, 0)
size = Vector3(4, 10, 4)
material = SubResource("StandardMaterial3D_gmhf7")

[node name="Background" type="Node3D" parent="."]

[node name="Wall5" type="CSGBox3D" parent="Background"]
transform = Transform3D(0.482963, -0.12941, -0.866025, 0.258819, 0.965926, 5.98914e-09, 0.836516, -0.224144, 0.5, -8.8, 2.40792, -3.3)
size = Vector3(2, 10, 3)
material = SubResource("StandardMaterial3D_gmhf7")

[node name="Wall6" type="CSGBox3D" parent="Background"]
transform = Transform3D(-0.834234, 0.491481, -0.25, 0.491482, 0.868308, 0.0669873, 0.25, -0.0669873, -0.965926, -6.8, 2.18314, -5)
size = Vector3(2, 10, 3)
material = SubResource("StandardMaterial3D_gmhf7")

[node name="Wall11" type="CSGBox3D" parent="Background"]
transform = Transform3D(-0.683013, 0.183013, -0.707107, 0.258819, 0.965926, 3.11952e-08, 0.683013, -0.183013, -0.707107, 5.2, 4.85461, -5)
size = Vector3(2, 10, 3)
material = SubResource("StandardMaterial3D_gmhf7")

[node name="Wall7" type="CSGBox3D" parent="Background"]
transform = Transform3D(-0.25, 0.0669873, -0.965926, 0.258819, 0.965926, 3.55177e-08, 0.933013, -0.25, -0.258819, -1.8, 4.05106, -6)
size = Vector3(2, 10, 3)
material = SubResource("StandardMaterial3D_gmhf7")

[node name="Wall9" type="CSGBox3D" parent="Background"]
transform = Transform3D(-0.683013, 0.183013, -0.707106, 0.258819, 0.965926, 6.5711e-08, 0.683012, -0.183013, -0.707107, 13.2, 5.23437, -4)
size = Vector3(2, 10, 3)
material = SubResource("StandardMaterial3D_gmhf7")

[node name="Wall12" type="CSGBox3D" parent="Background"]
transform = Transform3D(-0.482963, 0.12941, -0.866025, -0.194114, 0.948588, 0.25, 0.853854, 0.288849, -0.433013, 7.11672, 16.0131, -3)
size = Vector3(6, 10, 2)
material = SubResource("StandardMaterial3D_gmhf7")

[node name="Wall13" type="CSGBox3D" parent="Background"]
transform = Transform3D(-0.321201, -0.362222, -0.875, -0.40959, 0.886206, -0.216506, 0.853854, 0.288849, -0.433013, -8.85953, 14.4688, -1.91219)
size = Vector3(2, 10, 3)
material = SubResource("StandardMaterial3D_gmhf7")

[node name="Wall14" type="CSGBox3D" parent="Background"]
transform = Transform3D(-0.516747, 0.370513, -0.771812, -0.0625002, 0.882772, 0.465625, 0.853854, 0.288849, -0.433013, -6, 15.1749, -4.1)
size = Vector3(5, 10, 2)
material = SubResource("StandardMaterial3D_gmhf7")

[node name="Wall15" type="CSGBox3D" parent="Background"]
transform = Transform3D(-0.516747, 0.370513, -0.771812, -0.0625002, 0.882772, 0.465625, 0.853854, 0.288849, -0.433013, 10.7017, 16.075, -4)
size = Vector3(3, 10, 2)
material = SubResource("StandardMaterial3D_gmhf7")

[node name="Wall10" type="CSGBox3D" parent="Background"]
transform = Transform3D(0.482963, -0.12941, -0.866025, 0.258819, 0.965926, 6.67092e-08, 0.836516, -0.224144, 0.5, 9.2, 2.934, -4)
size = Vector3(2, 10, 3)
material = SubResource("StandardMaterial3D_gmhf7")

[node name="Wall8" type="CSGBox3D" parent="Background"]
transform = Transform3D(0.174494, -0.314705, -0.933013, 0.314705, 0.915675, -0.25, 0.933013, -0.25, 0.258819, 2.2, 1.90832, -4.1)
size = Vector3(2, 10, 3)
material = SubResource("StandardMaterial3D_gmhf7")

[node name="Wall4" type="CSGBox3D" parent="Background"]
transform = Transform3D(0.933013, -0.25, -0.258819, 0.258819, 0.965926, 0, 0.25, -0.0669873, 0.965926, -12.8, 3.60781, -4)
size = Vector3(2, 10, 4)
material = SubResource("StandardMaterial3D_gmhf7")

[node name="DirectionalLight3D" type="DirectionalLight3D" parent="."]
transform = Transform3D(0.984808, -0.111619, 0.133022, 0, 0.766044, 0.642788, -0.173648, -0.633022, 0.754407, 0, 0, 15)
light_energy = 0.2
shadow_enabled = true

[node name="WorldEnvironment" type="WorldEnvironment" parent="."]
environment = SubResource("Environment_oyelj")

[node name="OmniLight3D" type="OmniLight3D" parent="."]
transform = Transform3D(1, 0, 0, 0, 1, 0, 0, 0, 1, 0, 9, 0)
light_energy = 0.7
omni_range = 12.0
omni_attenuation = 0.5

[node name="OmniLight3D2" type="OmniLight3D" parent="."]
transform = Transform3D(1, 0, 0, 0, 1, 0, 0, 0, 1, -9, 9, 0)
light_energy = 0.7
omni_range = 12.0
omni_attenuation = 0.5

[node name="OmniLight3D3" type="OmniLight3D" parent="."]
transform = Transform3D(1, 0, 0, 0, 1, 0, 0, 0, 1, 10, 9, 0)
light_energy = 0.7
omni_range = 12.0
omni_attenuation = 0.5
